0
0
19
11
2
4
4
0
11
16
30
26
10
12
0
2
7
0
2
2
2
7
20
2
3
4
10
30
10
3
22
9
2
6
8
3
0
0
0
12
0
0
3
15
0
0
4
14
12
11
8
7
6
6
35
6
3
7
2
10
17
16
23
1
2
2
1
16
19
0
26
24
2
0
6
4
16
2
0
19
1
0
2
13
17
2
18
5
5
5
1
24
3
11
3
33
4
10
0
6
0
46
24
18
1
12
25
9
16
4
0
4
26
0
3
21
6
2
5
0
0
4
2
6
2
4
0
0
0
4
5
10
0
0
6
33
3
30
0
4
0
9
0
19
26
0
22
11
24
3
22
2
9
28
12
0
47
14
0
6
7
11
14
7
11
31
2
0
5
34
12
2
15
4
25
16
34
1
4
33
4
20
2
4
1
26
37
10
6
21
7
0
1
0
8
1
7
6
30
4
6
10
0
8
15
19
3
38
2
3
4
6
3
0
20
3
6
10
28
4
34
39
32
37
4
2
4
26
2
6
17
2
4
5
3
2
6
22
18
29
29
1
13
20
16
10
2
10
21
17
40
8
6
0
0
1
12
1
13
8
4
31
12
7
4
18
7
2
30
4
10
5
4
7
5
6
0
5
26
2
24
6
28
3
12
9
21
0
1
2
2
3
13
1
2
9
2
2
3
32
12
14
34
8
4
2
0
2
4
2
2
16
23
25
0
2
0
6
4
23
8
0
10
2
3
17
0
0
2
2
0
23
6
0
4
8
7
21
7
2
16
0
28
3
2
23
9
17
2
16
2
2
2
15
32
4
3
0
0
4
1
3
5
6
0
2
24
4
8
6
1
19
2
2
0
2
0
3
14
23
14
4
42
0
2
10
15
26
5
31
7
1
0
14
21
7
8
1
0
1
19
0
1
18
0
9
0
2
0
8
13
0
2
4
0
1
23
14
2
4
6
13
0
0
9
2
14
29
4
29
16
1
12
24
8
12
39
28
0
1
23
18
6
6
31
6
25
0
19
42
22
26
23
32
9
4
14
1
12
5
2
5
30
0
14
4
18
2
12
0
17
0
0
2
3
23
6
4
21
32
24
4
13
3
9
26
33
0
4
8
14
13
0
28
10
15
6
4
2
2
