16
10 35094 3320 222 10520 122739 123940 123337 114020 95699 2785 
10 30325 23832 8369 4006 4258 115469 125187 120796 88428 48098 
9 62395 7541 2126 10012 51099 93172 110133 119254 58135 
10 11549 1310 9503 21787 47089 123176 122816 69157 57380 518 
10 526 2404 13772 32565 77387 116195 115882 113534 92190 61882 
10 40347 17314 60 4484 41830 106455 123338 125257 112980 29575 
12 72908 33624 10195 16236 45327 99198 117455 122406 122055 115990 107717 23566 
11 2565 4440 18533 76895 100179 124368 118815 95954 72150 20045 5307 
8 11031 7056 4235 26796 114704 116097 110722 72897 
11 6310 6684 15261 67626 85911 100432 105931 123623 125056 122254 6023 
10 1654 9487 15765 24548 114475 121670 124272 102461 9019 1842 
10 13451 22245 51082 113723 116476 123391 117003 87936 10 9468 
10 29311 9342 11161 30559 102455 124195 123807 118776 64380 18038 
9 27320 2085 174 11771 118984 125459 118503 51110 7273 
12 3336 3672 19523 64118 74889 96930 105409 120620 119344 112487 13539 4795 
9 26832 3801 2238 17023 55361 118978 111999 44111 33090 
